<?xml version="1.0" encoding="UTF-8"?>
<opencv_storage>
<Homography type_id="opencv-matrix">
  <rows>3</rows>
  <cols>3</cols>
  <dt>d</dt>
  <data>
    9.7687566637137344e+00 3.6291172732466535e-02
    -7.4028254702021485e+01 3.1039107460614411e-02
    1.1525033413754620e+01 -8.5532945634101594e+01
    -1.5807821358721474e-05 1.0840641486282320e-04 1.</data></Homography>
</opencv_storage>
